     2    0.56919E+03    0.17324E-01    0.27456E-01    0.36422E+00
     3    0.45714E+03    0.22277E-01    0.31752E-01   -0.43621E+00
     4    0.42891E+03    0.23695E-01    0.31195E-01   -0.67637E+00
     5    0.41732E+03    0.21712E-01    0.27444E-01   -0.72209E+00
     6    0.41191E+03    0.17819E-01    0.22197E-01   -0.67424E+00
     7    0.41050E+03    0.13426E-01    0.16876E-01   -0.58217E+00
     8    0.41088E+03    0.96426E-02    0.12401E-01   -0.49177E+00
     9    0.41149E+03    0.69022E-02    0.90956E-02   -0.42258E+00
    10    0.41266E+03    0.53762E-02    0.69576E-02   -0.36589E+00
    11    0.41457E+03    0.48318E-02    0.58414E-02   -0.32893E+00
    12    0.41644E+03    0.49601E-02    0.55025E-02   -0.31056E+00
    13    0.41751E+03    0.54899E-02    0.56960E-02   -0.30628E+00
    14    0.41803E+03    0.62741E-02    0.62570E-02   -0.31374E+00
    15    0.41847E+03    0.71966E-02    0.70404E-02   -0.33111E+00
    16    0.41923E+03    0.81613E-02    0.79237E-02   -0.35667E+00
    17    0.42024E+03    0.91531E-02    0.88739E-02   -0.38927E+00
    18    0.42130E+03    0.10177E-01    0.98805E-02   -0.42785E+00
    19    0.42224E+03    0.11238E-01    0.10933E-01   -0.47137E+00
    20    0.42288E+03    0.12342E-01    0.12021E-01   -0.51880E+00
    21    0.42307E+03    0.13491E-01    0.13135E-01   -0.56924E+00
    22    0.42281E+03    0.14685E-01    0.14273E-01   -0.62237E+00
    23    0.42215E+03    0.15922E-01    0.15434E-01   -0.67802E+00
    24    0.42112E+03    0.17198E-01    0.16616E-01   -0.73600E+00
    25    0.41975E+03    0.18512E-01    0.17820E-01   -0.79615E+00
    26    0.41809E+03    0.19860E-01    0.19044E-01   -0.85829E+00
    27    0.41617E+03    0.21241E-01    0.20287E-01   -0.92224E+00
    28    0.41403E+03    0.22652E-01    0.21549E-01   -0.98784E+00
    29    0.41171E+03    0.24090E-01    0.22828E-01   -0.10549E+01
    30    0.40924E+03    0.25554E-01    0.24123E-01   -0.11232E+01
    31    0.40666E+03    0.27040E-01    0.25434E-01   -0.11927E+01
    32    0.40397E+03    0.28547E-01    0.26758E-01   -0.12631E+01
    33    0.40116E+03    0.30076E-01    0.28093E-01   -0.13344E+01
    34    0.39824E+03    0.31624E-01    0.29438E-01   -0.14062E+01
    35    0.39519E+03    0.33191E-01    0.30791E-01   -0.14786E+01
    36    0.39203E+03    0.34775E-01    0.32149E-01   -0.15513E+01
    37    0.38873E+03    0.36377E-01    0.33510E-01   -0.16241E+01
    38    0.38531E+03    0.37995E-01    0.34873E-01   -0.16970E+01
    39    0.38175E+03    0.39628E-01    0.36235E-01   -0.17697E+01
    40    0.37806E+03    0.41275E-01    0.37594E-01   -0.18421E+01
    41    0.37423E+03    0.42935E-01    0.38949E-01   -0.19140E+01
    42    0.37027E+03    0.44606E-01    0.40297E-01   -0.19854E+01
    43    0.36618E+03    0.46287E-01    0.41637E-01   -0.20560E+01
    44    0.36199E+03    0.47976E-01    0.42968E-01   -0.21258E+01
    45    0.35769E+03    0.49671E-01    0.44288E-01   -0.21947E+01
    46    0.35329E+03    0.51370E-01    0.45595E-01   -0.22625E+01
    47    0.34881E+03    0.53071E-01    0.46888E-01   -0.23290E+01
    48    0.34425E+03    0.54772E-01    0.48165E-01   -0.23943E+01
    49    0.33962E+03    0.56472E-01    0.49424E-01   -0.24581E+01
    50    0.33493E+03    0.58169E-01    0.50663E-01   -0.25204E+01
    51    0.33019E+03    0.59861E-01    0.51882E-01   -0.25809E+01
    52    0.32540E+03    0.61546E-01    0.53080E-01   -0.26397E+01
    53    0.32057E+03    0.63224E-01    0.54254E-01   -0.26966E+01
    54    0.31568E+03    0.64893E-01    0.55404E-01   -0.27514E+01
    55    0.31075E+03    0.66551E-01    0.56529E-01   -0.28042E+01
    56    0.30578E+03    0.68198E-01    0.57627E-01   -0.28546E+01
    57    0.30076E+03    0.69832E-01    0.58699E-01   -0.29028E+01
    58    0.29571E+03    0.71453E-01    0.59742E-01   -0.29485E+01
    59    0.29061E+03    0.73057E-01    0.60756E-01   -0.29916E+01
    60    0.28548E+03    0.74645E-01    0.61739E-01   -0.30321E+01
    61    0.28031E+03    0.76215E-01    0.62691E-01   -0.30698E+01
    62    0.27511E+03    0.77766E-01    0.63611E-01   -0.31047E+01
    63    0.26989E+03    0.79297E-01    0.64498E-01   -0.31369E+01
    64    0.26466E+03    0.80805E-01    0.65351E-01   -0.31663E+01
    65    0.25941E+03    0.82292E-01    0.66171E-01   -0.31930E+01
    66    0.25416E+03    0.83754E-01    0.66956E-01   -0.32169E+01
    67    0.24891E+03    0.85191E-01    0.67706E-01   -0.32382E+01
    68    0.24367E+03    0.86601E-01    0.68420E-01   -0.32567E+01
    69    0.23844E+03    0.87984E-01    0.69097E-01   -0.32726E+01
    70    0.23324E+03    0.89338E-01    0.69738E-01   -0.32857E+01
    71    0.22806E+03    0.90662E-01    0.70340E-01   -0.32962E+01
    72    0.22291E+03    0.91956E-01    0.70905E-01   -0.33041E+01
    73    0.21778E+03    0.93216E-01    0.71433E-01   -0.33093E+01
    74    0.21269E+03    0.94444E-01    0.71922E-01   -0.33118E+01
    75    0.20762E+03    0.95638E-01    0.72374E-01   -0.33116E+01
    76    0.20259E+03    0.96796E-01    0.72788E-01   -0.33089E+01
    77    0.19758E+03    0.97918E-01    0.73164E-01   -0.33034E+01
    78    0.19261E+03    0.99002E-01    0.73503E-01   -0.32953E+01
    79    0.18766E+03    0.10005E+00    0.73804E-01   -0.32846E+01
    80    0.18274E+03    0.10105E+00    0.74067E-01   -0.32712E+01
    81    0.17786E+03    0.10202E+00    0.74292E-01   -0.32552E+01
    82    0.17301E+03    0.10294E+00    0.74480E-01   -0.32367E+01
    83    0.16821E+03    0.10383E+00    0.74630E-01   -0.32157E+01
    84    0.16345E+03    0.10467E+00    0.74743E-01   -0.31923E+01
    85    0.15874E+03    0.10547E+00    0.74820E-01   -0.31668E+01
    86    0.15408E+03    0.10622E+00    0.74860E-01   -0.31391E+01
    87    0.14948E+03    0.10693E+00    0.74864E-01   -0.31094E+01
    88    0.14495E+03    0.10760E+00    0.74832E-01   -0.30777E+01
    89    0.14049E+03    0.10822E+00    0.74764E-01   -0.30443E+01
    90    0.13611E+03    0.10880E+00    0.74660E-01   -0.30091E+01
    91    0.13180E+03    0.10933E+00    0.74522E-01   -0.29722E+01
    92    0.12757E+03    0.10982E+00    0.74348E-01   -0.29339E+01
    93    0.12342E+03    0.11026E+00    0.74141E-01   -0.28940E+01
    94    0.11935E+03    0.11065E+00    0.73902E-01   -0.28528E+01
    95    0.11535E+03    0.11100E+00    0.73630E-01   -0.28103E+01
    96    0.11144E+03    0.11131E+00    0.73327E-01   -0.27665E+01
    97    0.10761E+03    0.11157E+00    0.72994E-01   -0.27216E+01
    98    0.10385E+03    0.11179E+00    0.72631E-01   -0.26756E+01
    99    0.10018E+03    0.11196E+00    0.72239E-01   -0.26287E+01
   100    0.96581E+02    0.11209E+00    0.71820E-01   -0.25808E+01
   101    0.93064E+02    0.11218E+00    0.71373E-01   -0.25321E+01
   102    0.89627E+02    0.11222E+00    0.70901E-01   -0.24826E+01
   103    0.86269E+02    0.11222E+00    0.70402E-01   -0.24325E+01
   104    0.82991E+02    0.11218E+00    0.69880E-01   -0.23818E+01
   105    0.79792E+02    0.11209E+00    0.69333E-01   -0.23306E+01
   106    0.76673E+02    0.11196E+00    0.68763E-01   -0.22789E+01
   107    0.73633E+02    0.11179E+00    0.68171E-01   -0.22269E+01
   108    0.70673E+02    0.11158E+00    0.67558E-01   -0.21746E+01
   109    0.67793E+02    0.11133E+00    0.66925E-01   -0.21221E+01
   110    0.64992E+02    0.11103E+00    0.66271E-01   -0.20695E+01
   111    0.62271E+02    0.11070E+00    0.65599E-01   -0.20168E+01
   112    0.59628E+02    0.11032E+00    0.64909E-01   -0.19642E+01
   113    0.57063E+02    0.10991E+00    0.64202E-01   -0.19115E+01
   114    0.54576E+02    0.10945E+00    0.63479E-01   -0.18589E+01
   115    0.52164E+02    0.10896E+00    0.62742E-01   -0.18064E+01
   116    0.49828E+02    0.10842E+00    0.61990E-01   -0.17541E+01
   117    0.47566E+02    0.10786E+00    0.61225E-01   -0.17019E+01
   118    0.45378E+02    0.10725E+00    0.60448E-01   -0.16498E+01
   119    0.43262E+02    0.10661E+00    0.59660E-01   -0.15980E+01
   120    0.41218E+02    0.10593E+00    0.58862E-01   -0.15464E+01
   121    0.39245E+02    0.10522E+00    0.58055E-01   -0.14951E+01
   122    0.37342E+02    0.10448E+00    0.57240E-01   -0.14441E+01
   123    0.35508E+02    0.10370E+00    0.56418E-01   -0.13935E+01
   124    0.33743E+02    0.10289E+00    0.55590E-01   -0.13432E+01
   125    0.32045E+02    0.10205E+00    0.54756E-01   -0.12933E+01
   126    0.30413E+02    0.10118E+00    0.53918E-01   -0.12439E+01
   127    0.28847E+02    0.10028E+00    0.53077E-01   -0.11949E+01
   128    0.27346E+02    0.99350E-01    0.52234E-01   -0.11464E+01
   129    0.25908E+02    0.98390E-01    0.51390E-01   -0.10984E+01
   130    0.24534E+02    0.97402E-01    0.50545E-01   -0.10510E+01
   131    0.23222E+02    0.96386E-01    0.49701E-01   -0.10042E+01
   132    0.21970E+02    0.95344E-01    0.48858E-01   -0.95804E+00
   133    0.20778E+02    0.94278E-01    0.48018E-01   -0.91249E+00
   134    0.19645E+02    0.93188E-01    0.47179E-01   -0.86758E+00
   135    0.18569E+02    0.92076E-01    0.46345E-01   -0.82336E+00
   136    0.17548E+02    0.90943E-01    0.45514E-01   -0.77984E+00
   137    0.16582E+02    0.89791E-01    0.44688E-01   -0.73704E+00
   138    0.15669E+02    0.88621E-01    0.43867E-01   -0.69499E+00
   139    0.14809E+02    0.87434E-01    0.43052E-01   -0.65371E+00
   140    0.13999E+02    0.86232E-01    0.42244E-01   -0.61321E+00
   141    0.13238E+02    0.85016E-01    0.41442E-01   -0.57353E+00
   142    0.12526E+02    0.83787E-01    0.40649E-01   -0.53469E+00
   143    0.11861E+02    0.82547E-01    0.39864E-01   -0.49669E+00
   144    0.11241E+02    0.81297E-01    0.39089E-01   -0.45958E+00
   145    0.10666E+02    0.80039E-01    0.38323E-01   -0.42337E+00
   146    0.10135E+02    0.78773E-01    0.37567E-01   -0.38808E+00
   147    0.96447E+01    0.77501E-01    0.36823E-01   -0.35374E+00
   148    0.91954E+01    0.76224E-01    0.36091E-01   -0.32036E+00
   149    0.87856E+01    0.74945E-01    0.35371E-01   -0.28797E+00
   150    0.84139E+01    0.73663E-01    0.34664E-01   -0.25660E+00
   151    0.80790E+01    0.72381E-01    0.33971E-01   -0.22625E+00
   152    0.77797E+01    0.71099E-01    0.33291E-01   -0.19694E+00
   153    0.75147E+01    0.69819E-01    0.32626E-01   -0.16865E+00
   154    0.72828E+01    0.68540E-01    0.31975E-01   -0.14139E+00
   155    0.70826E+01    0.67265E-01    0.31338E-01   -0.11516E+00
   156    0.69128E+01    0.65993E-01    0.30715E-01   -0.89949E-01
   157    0.67722E+01    0.64727E-01    0.30108E-01   -0.65762E-01
   158    0.66595E+01    0.63465E-01    0.29515E-01   -0.42594E-01
   159    0.65734E+01    0.62211E-01    0.28936E-01   -0.20444E-01
   160    0.65126E+01    0.60963E-01    0.28373E-01    0.68925E-03
   161    0.64759E+01    0.59724E-01    0.27825E-01    0.20809E-01
   162    0.64619E+01    0.58494E-01    0.27293E-01    0.39917E-01
   163    0.64694E+01    0.57275E-01    0.26775E-01    0.58014E-01
   164    0.64971E+01    0.56066E-01    0.26274E-01    0.75104E-01
   165    0.65437E+01    0.54868E-01    0.25788E-01    0.91187E-01
   166    0.66079E+01    0.53684E-01    0.25318E-01    0.10627E+00
   167    0.66884E+01    0.52513E-01    0.24864E-01    0.12034E+00
   168    0.67840E+01    0.51356E-01    0.24426E-01    0.13342E+00
   169    0.68934E+01    0.50215E-01    0.24005E-01    0.14550E+00
   170    0.70153E+01    0.49090E-01    0.23600E-01    0.15658E+00
   171    0.71484E+01    0.47982E-01    0.23212E-01    0.16667E+00
   172    0.72914E+01    0.46892E-01    0.22840E-01    0.17576E+00
   173    0.74431E+01    0.45820E-01    0.22486E-01    0.18386E+00
   174    0.76021E+01    0.44769E-01    0.22148E-01    0.19098E+00
   175    0.77672E+01    0.43738E-01    0.21828E-01    0.19711E+00
   176    0.79372E+01    0.42728E-01    0.21525E-01    0.20226E+00
   177    0.81114E+01    0.41740E-01    0.21238E-01    0.20646E+00
   178    0.82892E+01    0.40774E-01    0.20969E-01    0.20974E+00
   179    0.84700E+01    0.39831E-01    0.20715E-01    0.21214E+00
   180    0.86531E+01    0.38911E-01    0.20478E-01    0.21370E+00
   181    0.88381E+01    0.38014E-01    0.20255E-01    0.21445E+00
   182    0.90242E+01    0.37140E-01    0.20048E-01    0.21442E+00
   183    0.92109E+01    0.36291E-01    0.19855E-01    0.21365E+00
   184    0.93976E+01    0.35466E-01    0.19676E-01    0.21217E+00
   185    0.95836E+01    0.34665E-01    0.19511E-01    0.21002E+00
   186    0.97684E+01    0.33890E-01    0.19360E-01    0.20723E+00
   187    0.99514E+01    0.33139E-01    0.19221E-01    0.20384E+00
   188    0.10132E+02    0.32415E-01    0.19096E-01    0.19989E+00
   189    0.10309E+02    0.31717E-01    0.18982E-01    0.19540E+00
   190    0.10483E+02    0.31045E-01    0.18880E-01    0.19041E+00
   191    0.10653E+02    0.30400E-01    0.18789E-01    0.18496E+00
   192    0.10818E+02    0.29782E-01    0.18710E-01    0.17908E+00
   193    0.10977E+02    0.29191E-01    0.18641E-01    0.17281E+00
   194    0.11130E+02    0.28629E-01    0.18582E-01    0.16618E+00
   195    0.11277E+02    0.28094E-01    0.18533E-01    0.15922E+00
   196    0.11416E+02    0.27589E-01    0.18494E-01    0.15198E+00
   197    0.11548E+02    0.27112E-01    0.18463E-01    0.14448E+00
   198    0.11671E+02    0.26665E-01    0.18442E-01    0.13676E+00
   199    0.11785E+02    0.26247E-01    0.18428E-01    0.12886E+00
   200    0.11889E+02    0.25859E-01    0.18422E-01    0.12080E+00
   201    0.11983E+02    0.25502E-01    0.18424E-01    0.11263E+00
   202    0.12067E+02    0.25174E-01    0.18433E-01    0.10435E+00
   203    0.12142E+02    0.24875E-01    0.18449E-01    0.95977E-01
   204    0.12206E+02    0.24604E-01    0.18471E-01    0.87518E-01
   205    0.12261E+02    0.24361E-01    0.18499E-01    0.78985E-01
   206    0.12307E+02    0.24145E-01    0.18534E-01    0.70388E-01
   207    0.12344E+02    0.23955E-01    0.18574E-01    0.61738E-01
   208    0.12372E+02    0.23791E-01    0.18620E-01    0.53044E-01
   209    0.12392E+02    0.23651E-01    0.18670E-01    0.44317E-01
   210    0.12403E+02    0.23535E-01    0.18726E-01    0.35567E-01
   211    0.12405E+02    0.23443E-01    0.18786E-01    0.26804E-01
   212    0.12400E+02    0.23373E-01    0.18850E-01    0.18040E-01
   213    0.12387E+02    0.23326E-01    0.18918E-01    0.92829E-02
   214    0.12367E+02    0.23299E-01    0.18990E-01    0.54451E-03
   215    0.12338E+02    0.23294E-01    0.19065E-01   -0.81652E-02
   216    0.12303E+02    0.23308E-01    0.19143E-01   -0.16836E-01
   217    0.12261E+02    0.23341E-01    0.19223E-01   -0.25458E-01
   218    0.12212E+02    0.23393E-01    0.19307E-01   -0.34020E-01
   219    0.12156E+02    0.23462E-01    0.19392E-01   -0.42512E-01
   220    0.12095E+02    0.23549E-01    0.19479E-01   -0.50924E-01
   221    0.12026E+02    0.23652E-01    0.19568E-01   -0.59246E-01
   222    0.11952E+02    0.23771E-01    0.19658E-01   -0.67467E-01
   223    0.11872E+02    0.23904E-01    0.19749E-01   -0.75577E-01
   224    0.11787E+02    0.24052E-01    0.19841E-01   -0.83566E-01
   225    0.11696E+02    0.24214E-01    0.19933E-01   -0.91423E-01
   226    0.11601E+02    0.24388E-01    0.20025E-01   -0.99139E-01
   227    0.11500E+02    0.24575E-01    0.20117E-01   -0.10670E+00
   228    0.11394E+02    0.24773E-01    0.20208E-01   -0.11410E+00
   229    0.11284E+02    0.24981E-01    0.20299E-01   -0.12133E+00
   230    0.11170E+02    0.25200E-01    0.20388E-01   -0.12838E+00
   231    0.11051E+02    0.25428E-01    0.20476E-01   -0.13523E+00
   232    0.10929E+02    0.25665E-01    0.20563E-01   -0.14188E+00
   233    0.10803E+02    0.25910E-01    0.20647E-01   -0.14831E+00
   234    0.10673E+02    0.26162E-01    0.20729E-01   -0.15452E+00
   235    0.10540E+02    0.26421E-01    0.20809E-01   -0.16050E+00
   236    0.10404E+02    0.26685E-01    0.20886E-01   -0.16623E+00
   237    0.10265E+02    0.26955E-01    0.20959E-01   -0.17170E+00
   238    0.10124E+02    0.27229E-01    0.21030E-01   -0.17691E+00
   239    0.99799E+01    0.27507E-01    0.21096E-01   -0.18185E+00
   240    0.98336E+01    0.27788E-01    0.21158E-01   -0.18650E+00
   241    0.96853E+01    0.28072E-01    0.21216E-01   -0.19085E+00
   242    0.95351E+01    0.28357E-01    0.21270E-01   -0.19489E+00
   243    0.93832E+01    0.28643E-01    0.21318E-01   -0.19862E+00
   244    0.92299E+01    0.28929E-01    0.21362E-01   -0.20202E+00
   245    0.90754E+01    0.29215E-01    0.21399E-01   -0.20509E+00
   246    0.89198E+01    0.29500E-01    0.21431E-01   -0.20781E+00
   247    0.87634E+01    0.29783E-01    0.21457E-01   -0.21016E+00
   248    0.86064E+01    0.30063E-01    0.21477E-01   -0.21215E+00
   249    0.84489E+01    0.30340E-01    0.21489E-01   -0.21377E+00
   250    0.82913E+01    0.30614E-01    0.21495E-01   -0.21499E+00
   251    0.81336E+01    0.30882E-01    0.21494E-01   -0.21582E+00
   252    0.79760E+01    0.31146E-01    0.21485E-01   -0.21625E+00
   253    0.78185E+01    0.31405E-01    0.21470E-01   -0.21632E+00
   254    0.76613E+01    0.31659E-01    0.21448E-01   -0.21601E+00
   255    0.75045E+01    0.31907E-01    0.21419E-01   -0.21535E+00
   256    0.73482E+01    0.32149E-01    0.21384E-01   -0.21435E+00
   257    0.71923E+01    0.32386E-01    0.21342E-01   -0.21301E+00
   258    0.70371E+01    0.32617E-01    0.21294E-01   -0.21135E+00
   259    0.68827E+01    0.32842E-01    0.21241E-01   -0.20938E+00
   260    0.67290E+01    0.33060E-01    0.21182E-01   -0.20710E+00
   261    0.65763E+01    0.33272E-01    0.21117E-01   -0.20454E+00
   262    0.64246E+01    0.33478E-01    0.21046E-01   -0.20170E+00
   263    0.62739E+01    0.33676E-01    0.20970E-01   -0.19859E+00
   264    0.61245E+01    0.33867E-01    0.20890E-01   -0.19523E+00
   265    0.59763E+01    0.34051E-01    0.20804E-01   -0.19161E+00
   266    0.58295E+01    0.34227E-01    0.20713E-01   -0.18777E+00
   267    0.56842E+01    0.34396E-01    0.20618E-01   -0.18370E+00
   268    0.55404E+01    0.34557E-01    0.20518E-01   -0.17941E+00
   269    0.53983E+01    0.34710E-01    0.20415E-01   -0.17493E+00
   270    0.52579E+01    0.34854E-01    0.20307E-01   -0.17025E+00
   271    0.51193E+01    0.34991E-01    0.20195E-01   -0.16540E+00
   272    0.49827E+01    0.35118E-01    0.20079E-01   -0.16037E+00
   273    0.48480E+01    0.35237E-01    0.19960E-01   -0.15519E+00
   274    0.47155E+01    0.35347E-01    0.19837E-01   -0.14985E+00
   275    0.45852E+01    0.35447E-01    0.19711E-01   -0.14439E+00
   276    0.44572E+01    0.35538E-01    0.19581E-01   -0.13879E+00
   277    0.43315E+01    0.35620E-01    0.19449E-01   -0.13309E+00
   278    0.42084E+01    0.35692E-01    0.19314E-01   -0.12728E+00
   279    0.40878E+01    0.35754E-01    0.19177E-01   -0.12137E+00
   280    0.39698E+01    0.35805E-01    0.19037E-01   -0.11539E+00
   281    0.38547E+01    0.35847E-01    0.18895E-01   -0.10933E+00
   282    0.37423E+01    0.35878E-01    0.18750E-01   -0.10322E+00
   283    0.36329E+01    0.35898E-01    0.18604E-01   -0.97054E-01
   284    0.35265E+01    0.35907E-01    0.18456E-01   -0.90852E-01
   285    0.34233E+01    0.35906E-01    0.18306E-01   -0.84624E-01
   286    0.33232E+01    0.35893E-01    0.18155E-01   -0.78380E-01
   287    0.32265E+01    0.35868E-01    0.18002E-01   -0.72131E-01
   288    0.31332E+01    0.35832E-01    0.17849E-01   -0.65888E-01
   289    0.30433E+01    0.35784E-01    0.17694E-01   -0.59662E-01
   290    0.29571E+01    0.35724E-01    0.17539E-01   -0.53465E-01
   291    0.28745E+01    0.35652E-01    0.17383E-01   -0.47306E-01
   292    0.27956E+01    0.35567E-01    0.17226E-01   -0.41197E-01
   293    0.27207E+01    0.35470E-01    0.17070E-01   -0.35149E-01
   294    0.26496E+01    0.35360E-01    0.16913E-01   -0.29172E-01
   295    0.25827E+01    0.35237E-01    0.16756E-01   -0.23279E-01
   296    0.25198E+01    0.35101E-01    0.16600E-01   -0.17479E-01
   297    0.24612E+01    0.34952E-01    0.16443E-01   -0.11784E-01
   298    0.24069E+01    0.34789E-01    0.16288E-01   -0.62042E-02
   299    0.23570E+01    0.34612E-01    0.16133E-01   -0.75115E-03
   300    0.23116E+01    0.34421E-01    0.15979E-01    0.45643E-02
   301    0.22708E+01    0.34216E-01    0.15826E-01    0.97333E-02
   302    0.22344E+01    0.33998E-01    0.15674E-01    0.14754E-01
   303    0.22024E+01    0.33767E-01    0.15523E-01    0.19628E-01
   304    0.21745E+01    0.33523E-01    0.15373E-01    0.24355E-01
   305    0.21508E+01    0.33266E-01    0.15225E-01    0.28936E-01
   306    0.21309E+01    0.32999E-01    0.15078E-01    0.33372E-01
   307    0.21149E+01    0.32720E-01    0.14932E-01    0.37662E-01
   308    0.21025E+01    0.32431E-01    0.14788E-01    0.41809E-01
   309    0.20937E+01    0.32132E-01    0.14645E-01    0.45811E-01
   310    0.20883E+01    0.31823E-01    0.14504E-01    0.49671E-01
   311    0.20862E+01    0.31505E-01    0.14364E-01    0.53388E-01
   312    0.20872E+01    0.31179E-01    0.14226E-01    0.56963E-01
   313    0.20912E+01    0.30844E-01    0.14089E-01    0.60397E-01
   314    0.20981E+01    0.30503E-01    0.13954E-01    0.63690E-01
   315    0.21078E+01    0.30154E-01    0.13821E-01    0.66843E-01
   316    0.21201E+01    0.29799E-01    0.13689E-01    0.69857E-01
   317    0.21349E+01    0.29438E-01    0.13560E-01    0.72731E-01
   318    0.21520E+01    0.29071E-01    0.13432E-01    0.75468E-01
   319    0.21713E+01    0.28700E-01    0.13306E-01    0.78066E-01
   320    0.21928E+01    0.28324E-01    0.13183E-01    0.80528E-01
   321    0.22162E+01    0.27944E-01    0.13061E-01    0.82853E-01
   322    0.22414E+01    0.27561E-01    0.12941E-01    0.85042E-01
   323    0.22683E+01    0.27175E-01    0.12824E-01    0.87096E-01
   324    0.22968E+01    0.26786E-01    0.12709E-01    0.89015E-01
   325    0.23267E+01    0.26396E-01    0.12595E-01    0.90800E-01
   326    0.23580E+01    0.26004E-01    0.12485E-01    0.92451E-01
   327    0.23904E+01    0.25612E-01    0.12376E-01    0.93970E-01
   328    0.24238E+01    0.25219E-01    0.12270E-01    0.95356E-01
   329    0.24581E+01    0.24827E-01    0.12167E-01    0.96611E-01
   330    0.24933E+01    0.24435E-01    0.12065E-01    0.97734E-01
   331    0.25290E+01    0.24044E-01    0.11967E-01    0.98727E-01
   332    0.25653E+01    0.23655E-01    0.11871E-01    0.99590E-01
   333    0.26019E+01    0.23268E-01    0.11777E-01    0.10032E+00
   334    0.26388E+01    0.22884E-01    0.11687E-01    0.10093E+00
   335    0.26759E+01    0.22504E-01    0.11599E-01    0.10140E+00
   336    0.27129E+01    0.22127E-01    0.11514E-01    0.10175E+00
   337    0.27497E+01    0.21754E-01    0.11431E-01    0.10198E+00
   338    0.27863E+01    0.21386E-01    0.11352E-01    0.10207E+00
   339    0.28225E+01    0.21024E-01    0.11275E-01    0.10204E+00
   340    0.28581E+01    0.20667E-01    0.11202E-01    0.10189E+00
   341    0.28930E+01    0.20316E-01    0.11131E-01    0.10161E+00
   342    0.29272E+01    0.19973E-01    0.11064E-01    0.10120E+00
   343    0.29604E+01    0.19636E-01    0.10999E-01    0.10068E+00
   344    0.29925E+01    0.19308E-01    0.10938E-01    0.10003E+00
   345    0.30235E+01    0.18988E-01    0.10880E-01    0.99255E-01
   346    0.30531E+01    0.18677E-01    0.10826E-01    0.98362E-01
   347    0.30812E+01    0.18375E-01    0.10774E-01    0.97347E-01
   348    0.31078E+01    0.18083E-01    0.10726E-01    0.96213E-01
   349    0.31326E+01    0.17801E-01    0.10682E-01    0.94958E-01
   350    0.31555E+01    0.17531E-01    0.10641E-01    0.93584E-01
   351    0.31765E+01    0.17271E-01    0.10603E-01    0.92093E-01
   352    0.31956E+01    0.17023E-01    0.10569E-01    0.90488E-01
   353    0.32127E+01    0.16786E-01    0.10538E-01    0.88774E-01
   354    0.32279E+01    0.16560E-01    0.10511E-01    0.86957E-01
   355    0.32413E+01    0.16345E-01    0.10486E-01    0.85042E-01
   356    0.32529E+01    0.16141E-01    0.10465E-01    0.83032E-01
   357    0.32627E+01    0.15946E-01    0.10446E-01    0.80935E-01
   358    0.32707E+01    0.15762E-01    0.10430E-01    0.78754E-01
   359    0.32770E+01    0.15589E-01    0.10417E-01    0.76494E-01
   360    0.32816E+01    0.15425E-01    0.10406E-01    0.74161E-01
   361    0.32846E+01    0.15271E-01    0.10398E-01    0.71759E-01
   362    0.32860E+01    0.15126E-01    0.10392E-01    0.69294E-01
   363    0.32858E+01    0.14991E-01    0.10388E-01    0.66770E-01
   364    0.32841E+01    0.14866E-01    0.10386E-01    0.64193E-01
   365    0.32808E+01    0.14749E-01    0.10387E-01    0.61568E-01
   366    0.32761E+01    0.14641E-01    0.10389E-01    0.58899E-01
   367    0.32699E+01    0.14542E-01    0.10393E-01    0.56191E-01
   368    0.32624E+01    0.14452E-01    0.10398E-01    0.53451E-01
   369    0.32534E+01    0.14371E-01    0.10405E-01    0.50681E-01
   370    0.32432E+01    0.14297E-01    0.10414E-01    0.47889E-01
   371    0.32316E+01    0.14232E-01    0.10424E-01    0.45078E-01
   372    0.32187E+01    0.14174E-01    0.10435E-01    0.42253E-01
   373    0.32047E+01    0.14125E-01    0.10447E-01    0.39421E-01
   374    0.31894E+01    0.14083E-01    0.10461E-01    0.36585E-01
   375    0.31730E+01    0.14049E-01    0.10475E-01    0.33750E-01
   376    0.31554E+01    0.14022E-01    0.10490E-01    0.30922E-01
   377    0.31368E+01    0.14002E-01    0.10505E-01    0.28106E-01
   378    0.31170E+01    0.13989E-01    0.10521E-01    0.25306E-01
   379    0.30963E+01    0.13983E-01    0.10538E-01    0.22529E-01
   380    0.30746E+01    0.13983E-01    0.10555E-01    0.19777E-01
   381    0.30519E+01    0.13990E-01    0.10572E-01    0.17058E-01
   382    0.30283E+01    0.14004E-01    0.10589E-01    0.14375E-01
   383    0.30038E+01    0.14023E-01    0.10607E-01    0.11734E-01
   384    0.29784E+01    0.14049E-01    0.10624E-01    0.91396E-02
   385    0.29522E+01    0.14080E-01    0.10641E-01    0.65969E-02
   386    0.29253E+01    0.14117E-01    0.10658E-01    0.41110E-02
   387    0.28976E+01    0.14160E-01    0.10674E-01    0.16868E-02
   388    0.28692E+01    0.14207E-01    0.10689E-01   -0.67064E-03
   389    0.28400E+01    0.14261E-01    0.10704E-01   -0.29563E-02
   390    0.28103E+01    0.14319E-01    0.10719E-01   -0.51652E-02
   391    0.27799E+01    0.14382E-01    0.10732E-01   -0.72924E-02
   392    0.27490E+01    0.14449E-01    0.10745E-01   -0.93327E-02
   393    0.27175E+01    0.14521E-01    0.10756E-01   -0.11281E-01
   394    0.26855E+01    0.14598E-01    0.10766E-01   -0.13133E-01
   395    0.26531E+01    0.14678E-01    0.10775E-01   -0.14883E-01
   396    0.26202E+01    0.14763E-01    0.10782E-01   -0.16526E-01
   397    0.25869E+01    0.14852E-01    0.10788E-01   -0.18057E-01
   398    0.25532E+01    0.14944E-01    0.10792E-01   -0.19472E-01
   399    0.25192E+01    0.15040E-01    0.10795E-01   -0.20765E-01
   400    0.24849E+01    0.15139E-01    0.10795E-01   -0.21930E-01
   401    0.24503E+01    0.15241E-01    0.10794E-01   -0.22966E-01
   402    0.24155E+01    0.15346E-01    0.10791E-01   -0.23872E-01
   403    0.23804E+01    0.15455E-01    0.10786E-01   -0.24653E-01
   404    0.23452E+01    0.15565E-01    0.10779E-01   -0.25311E-01
   405    0.23099E+01    0.15678E-01    0.10770E-01   -0.25849E-01
   406    0.22744E+01    0.15793E-01    0.10759E-01   -0.26271E-01
   407    0.22388E+01    0.15909E-01    0.10747E-01   -0.26579E-01
   408    0.22032E+01    0.16028E-01    0.10733E-01   -0.26777E-01
   409    0.21675E+01    0.16147E-01    0.10717E-01   -0.26867E-01
   410    0.21318E+01    0.16268E-01    0.10699E-01   -0.26853E-01
   411    0.20961E+01    0.16389E-01    0.10680E-01   -0.26737E-01
   412    0.20605E+01    0.16511E-01    0.10659E-01   -0.26523E-01
   413    0.20250E+01    0.16634E-01    0.10637E-01   -0.26214E-01
   414    0.19896E+01    0.16756E-01    0.10613E-01   -0.25813E-01
   415    0.19543E+01    0.16879E-01    0.10587E-01   -0.25322E-01
   416    0.19192E+01    0.17001E-01    0.10560E-01   -0.24746E-01
   417    0.18843E+01    0.17122E-01    0.10532E-01   -0.24086E-01
   418    0.18496E+01    0.17243E-01    0.10502E-01   -0.23346E-01
   419    0.18152E+01    0.17363E-01    0.10471E-01   -0.22530E-01
   420    0.17810E+01    0.17481E-01    0.10439E-01   -0.21639E-01
   421    0.17472E+01    0.17598E-01    0.10405E-01   -0.20678E-01
   422    0.17137E+01    0.17714E-01    0.10370E-01   -0.19648E-01
   423    0.16805E+01    0.17827E-01    0.10333E-01   -0.18554E-01
   424    0.16478E+01    0.17938E-01    0.10296E-01   -0.17399E-01
   425    0.16155E+01    0.18047E-01    0.10257E-01   -0.16184E-01
   426    0.15837E+01    0.18153E-01    0.10217E-01   -0.14914E-01
   427    0.15523E+01    0.18256E-01    0.10176E-01   -0.13592E-01
   428    0.15215E+01    0.18356E-01    0.10134E-01   -0.12220E-01
   429    0.14912E+01    0.18452E-01    0.10091E-01   -0.10801E-01
   430    0.14615E+01    0.18545E-01    0.10047E-01   -0.93393E-02
   431    0.14324E+01    0.18634E-01    0.10002E-01   -0.78370E-02
   432    0.14039E+01    0.18719E-01    0.99559E-02   -0.62975E-02
   433    0.13761E+01    0.18800E-01    0.99089E-02   -0.47236E-02
   434    0.13489E+01    0.18876E-01    0.98610E-02   -0.31186E-02
   435    0.13225E+01    0.18947E-01    0.98123E-02   -0.14854E-02
   436    0.12968E+01    0.19013E-01    0.97628E-02    0.17292E-03
   437    0.12719E+01    0.19074E-01    0.97124E-02    0.18533E-02
   438    0.12479E+01    0.19130E-01    0.96614E-02    0.35527E-02
   439    0.12246E+01    0.19179E-01    0.96096E-02    0.52680E-02
   440    0.12022E+01    0.19223E-01    0.95571E-02    0.69963E-02
   441    0.11807E+01    0.19261E-01    0.95039E-02    0.87344E-02
   442    0.11601E+01    0.19292E-01    0.94502E-02    0.10479E-01
   443    0.11405E+01    0.19316E-01    0.93958E-02    0.12228E-01
   444    0.11219E+01    0.19334E-01    0.93409E-02    0.13977E-01
   445    0.11042E+01    0.19344E-01    0.92855E-02    0.15724E-01
   446    0.10876E+01    0.19347E-01    0.92296E-02    0.17466E-01
   447    0.10721E+01    0.19342E-01    0.91732E-02    0.19199E-01
   448    0.10577E+01    0.19330E-01    0.91164E-02    0.20921E-01
   449    0.10443E+01    0.19309E-01    0.90592E-02    0.22628E-01
   450    0.10322E+01    0.19280E-01    0.90017E-02    0.24318E-01
   451    0.10212E+01    0.19243E-01    0.89438E-02    0.25987E-01
   452    0.10114E+01    0.19197E-01    0.88856E-02    0.27635E-01
   453    0.10026E+01    0.19143E-01    0.88272E-02    0.29260E-01
   454    0.99499E+00    0.19082E-01    0.87686E-02    0.30863E-01
   455    0.98839E+00    0.19013E-01    0.87098E-02    0.32441E-01
   456    0.98281E+00    0.18936E-01    0.86509E-02    0.33995E-01
   457    0.97821E+00    0.18852E-01    0.85918E-02    0.35524E-01
   458    0.97456E+00    0.18762E-01    0.85327E-02    0.37025E-01
   459    0.97182E+00    0.18665E-01    0.84735E-02    0.38500E-01
   460    0.96996E+00    0.18562E-01    0.84144E-02    0.39947E-01
   461    0.96894E+00    0.18452E-01    0.83553E-02    0.41364E-01
   462    0.96874E+00    0.18337E-01    0.82963E-02    0.42752E-01
   463    0.96932E+00    0.18216E-01    0.82374E-02    0.44110E-01
   464    0.97064E+00    0.18089E-01    0.81787E-02    0.45436E-01
   465    0.97267E+00    0.17958E-01    0.81201E-02    0.46730E-01
   466    0.97538E+00    0.17821E-01    0.80618E-02    0.47991E-01
   467    0.97873E+00    0.17680E-01    0.80037E-02    0.49219E-01
   468    0.98270E+00    0.17535E-01    0.79460E-02    0.50412E-01
   469    0.98724E+00    0.17385E-01    0.78886E-02    0.51569E-01
   470    0.99233E+00    0.17231E-01    0.78316E-02    0.52690E-01
   471    0.99792E+00    0.17074E-01    0.77749E-02    0.53774E-01
   472    0.10040E+01    0.16914E-01    0.77188E-02    0.54820E-01
   473    0.10105E+01    0.16750E-01    0.76631E-02    0.55828E-01
   474    0.10174E+01    0.16583E-01    0.76079E-02    0.56796E-01
   475    0.10247E+01    0.16414E-01    0.75533E-02    0.57723E-01
   476    0.10324E+01    0.16242E-01    0.74994E-02    0.58610E-01
   477    0.10403E+01    0.16068E-01    0.74460E-02    0.59454E-01
   478    0.10485E+01    0.15892E-01    0.73933E-02    0.60256E-01
   479    0.10570E+01    0.15714E-01    0.73413E-02    0.61013E-01
   480    0.10656E+01    0.15535E-01    0.72901E-02    0.61727E-01
   481    0.10745E+01    0.15355E-01    0.72397E-02    0.62395E-01
   482    0.10835E+01    0.15174E-01    0.71901E-02    0.63017E-01
   483    0.10926E+01    0.14992E-01    0.71413E-02    0.63592E-01
   484    0.11017E+01    0.14809E-01    0.70934E-02    0.64120E-01
   485    0.11109E+01    0.14626E-01    0.70465E-02    0.64599E-01
   486    0.11201E+01    0.14444E-01    0.70005E-02    0.65028E-01
   487    0.11293E+01    0.14261E-01    0.69556E-02    0.65408E-01
   488    0.11384E+01    0.14079E-01    0.69116E-02    0.65736E-01
   489    0.11474E+01    0.13898E-01    0.68688E-02    0.66012E-01
   490    0.11563E+01    0.13718E-01    0.68271E-02    0.66236E-01
   491    0.11650E+01    0.13539E-01    0.67865E-02    0.66406E-01
   492    0.11735E+01    0.13361E-01    0.67472E-02    0.66522E-01
   493    0.11818E+01    0.13185E-01    0.67090E-02    0.66583E-01
   494    0.11899E+01    0.13012E-01    0.66721E-02    0.66588E-01
   495    0.11976E+01    0.12840E-01    0.66365E-02    0.66536E-01
   496    0.12050E+01    0.12671E-01    0.66023E-02    0.66426E-01
   497    0.12120E+01    0.12504E-01    0.65694E-02    0.66259E-01
   498    0.12187E+01    0.12341E-01    0.65380E-02    0.66031E-01
   499    0.12249E+01    0.12181E-01    0.65080E-02    0.65744E-01
   500    0.12306E+01    0.12024E-01    0.64795E-02    0.65396E-01
   501    0.12359E+01    0.11871E-01    0.64525E-02    0.64987E-01
   502    0.12406E+01    0.11721E-01    0.64269E-02    0.64518E-01
   503    0.12449E+01    0.11575E-01    0.64029E-02    0.63992E-01
   504    0.12487E+01    0.11433E-01    0.63802E-02    0.63411E-01
   505    0.12520E+01    0.11294E-01    0.63588E-02    0.62777E-01
   506    0.12549E+01    0.11159E-01    0.63388E-02    0.62092E-01
   507    0.12573E+01    0.11028E-01    0.63201E-02    0.61359E-01
   508    0.12593E+01    0.10900E-01    0.63026E-02    0.60580E-01
   509    0.12608E+01    0.10775E-01    0.62862E-02    0.59757E-01
   510    0.12620E+01    0.10654E-01    0.62710E-02    0.58892E-01
   511    0.12627E+01    0.10537E-01    0.62570E-02    0.57987E-01
   512    0.12630E+01    0.10423E-01    0.62439E-02    0.57045E-01
   513    0.12629E+01    0.10313E-01    0.62319E-02    0.56068E-01
   514    0.12624E+01    0.10206E-01    0.62209E-02    0.55058E-01
   515    0.12616E+01    0.10102E-01    0.62108E-02    0.54017E-01
   516    0.12603E+01    0.10002E-01    0.62016E-02    0.52948E-01
   517    0.12587E+01    0.99050E-02    0.61932E-02    0.51853E-01
   518    0.12567E+01    0.98116E-02    0.61857E-02    0.50733E-01
   519    0.12544E+01    0.97215E-02    0.61789E-02    0.49592E-01
   520    0.12518E+01    0.96347E-02    0.61728E-02    0.48431E-01
   521    0.12488E+01    0.95512E-02    0.61674E-02    0.47253E-01
   522    0.12455E+01    0.94710E-02    0.61627E-02    0.46059E-01
   523    0.12419E+01    0.93940E-02    0.61585E-02    0.44853E-01
   524    0.12380E+01    0.93203E-02    0.61550E-02    0.43635E-01
   525    0.12337E+01    0.92499E-02    0.61519E-02    0.42410E-01
   526    0.12292E+01    0.91826E-02    0.61492E-02    0.41177E-01
   527    0.12244E+01    0.91186E-02    0.61471E-02    0.39941E-01
   528    0.12194E+01    0.90577E-02    0.61453E-02    0.38703E-01
   529    0.12140E+01    0.89999E-02    0.61438E-02    0.37465E-01
   530    0.12084E+01    0.89453E-02    0.61426E-02    0.36229E-01
   531    0.12026E+01    0.88938E-02    0.61417E-02    0.34999E-01
   532    0.11965E+01    0.88454E-02    0.61410E-02    0.33775E-01
   533    0.11902E+01    0.88001E-02    0.61405E-02    0.32560E-01
   534    0.11837E+01    0.87578E-02    0.61401E-02    0.31357E-01
   535    0.11770E+01    0.87186E-02    0.61398E-02    0.30167E-01
   536    0.11700E+01    0.86824E-02    0.61396E-02    0.28994E-01
   537    0.11629E+01    0.86492E-02    0.61394E-02    0.27838E-01
   538    0.11555E+01    0.86189E-02    0.61391E-02    0.26702E-01
   539    0.11480E+01    0.85916E-02    0.61387E-02    0.25589E-01
   540    0.11403E+01    0.85673E-02    0.61383E-02    0.24500E-01
   541    0.11325E+01    0.85459E-02    0.61376E-02    0.23439E-01
   542    0.11245E+01    0.85274E-02    0.61368E-02    0.22406E-01
   543    0.11163E+01    0.85118E-02    0.61357E-02    0.21405E-01
   544    0.11080E+01    0.84990E-02    0.61343E-02    0.20437E-01
   545    0.10996E+01    0.84891E-02    0.61326E-02    0.19505E-01
   546    0.10911E+01    0.84820E-02    0.61305E-02    0.18611E-01
   547    0.10824E+01    0.84778E-02    0.61280E-02    0.17757E-01
   548    0.10737E+01    0.84763E-02    0.61250E-02    0.16946E-01
   549    0.10648E+01    0.84776E-02    0.61215E-02    0.16179E-01
   550    0.10559E+01    0.84816E-02    0.61175E-02    0.15459E-01
   551    0.10469E+01    0.84884E-02    0.61129E-02    0.14787E-01
   552    0.10378E+01    0.84978E-02    0.61078E-02    0.14164E-01
   553    0.10286E+01    0.85099E-02    0.61020E-02    0.13587E-01
   554    0.10193E+01    0.85245E-02    0.60958E-02    0.13057E-01
   555    0.10100E+01    0.85416E-02    0.60889E-02    0.12571E-01
   556    0.10006E+01    0.85612E-02    0.60816E-02    0.12130E-01
   557    0.99115E+00    0.85832E-02    0.60737E-02    0.11732E-01
   558    0.98161E+00    0.86076E-02    0.60654E-02    0.11376E-01
   559    0.97201E+00    0.86343E-02    0.60565E-02    0.11061E-01
   560    0.96235E+00    0.86631E-02    0.60472E-02    0.10787E-01
   561    0.95262E+00    0.86942E-02    0.60374E-02    0.10551E-01
   562    0.94282E+00    0.87274E-02    0.60271E-02    0.10354E-01
   563    0.93297E+00    0.87627E-02    0.60164E-02    0.10195E-01
   564    0.92306E+00    0.88000E-02    0.60053E-02    0.10071E-01
   565    0.91309E+00    0.88393E-02    0.59937E-02    0.99826E-02
   566    0.90307E+00    0.88805E-02    0.59818E-02    0.99286E-02
   567    0.89299E+00    0.89235E-02    0.59694E-02    0.99080E-02
   568    0.88286E+00    0.89684E-02    0.59567E-02    0.99197E-02
   569    0.87268E+00    0.90150E-02    0.59435E-02    0.99627E-02
   570    0.86245E+00    0.90633E-02    0.59300E-02    0.10036E-01
   571    0.85217E+00    0.91132E-02    0.59162E-02    0.10139E-01
   572    0.84185E+00    0.91647E-02    0.59020E-02    0.10270E-01
   573    0.83148E+00    0.92177E-02    0.58875E-02    0.10429E-01
   574    0.82107E+00    0.92723E-02    0.58727E-02    0.10614E-01
   575    0.81062E+00    0.93282E-02    0.58576E-02    0.10825E-01
   576    0.80012E+00    0.93855E-02    0.58421E-02    0.11060E-01
   577    0.78959E+00    0.94441E-02    0.58264E-02    0.11319E-01
   578    0.77903E+00    0.95040E-02    0.58105E-02    0.11600E-01
   579    0.76842E+00    0.95651E-02    0.57942E-02    0.11903E-01
   580    0.75779E+00    0.96273E-02    0.57778E-02    0.12227E-01
   581    0.74712E+00    0.96906E-02    0.57611E-02    0.12570E-01
   582    0.73642E+00    0.97550E-02    0.57441E-02    0.12931E-01
   583    0.72570E+00    0.98203E-02    0.57270E-02    0.13311E-01
   584    0.71494E+00    0.98866E-02    0.57096E-02    0.13707E-01
   585    0.70416E+00    0.99537E-02    0.56921E-02    0.14118E-01
   586    0.69336E+00    0.10022E-01    0.56744E-02    0.14545E-01
   587    0.68254E+00    0.10090E-01    0.56565E-02    0.14985E-01
   588    0.67169E+00    0.10160E-01    0.56385E-02    0.15438E-01
   589    0.66083E+00    0.10230E-01    0.56203E-02    0.15902E-01
   590    0.64995E+00    0.10301E-01    0.56021E-02    0.16378E-01
   591    0.63905E+00    0.10372E-01    0.55836E-02    0.16863E-01
   592    0.62814E+00    0.10444E-01    0.55651E-02    0.17357E-01
   593    0.61721E+00    0.10516E-01    0.55465E-02    0.17859E-01
   594    0.60627E+00    0.10588E-01    0.55278E-02    0.18368E-01
   595    0.59533E+00    0.10661E-01    0.55091E-02    0.18882E-01
   596    0.58438E+00    0.10734E-01    0.54903E-02    0.19402E-01
   597    0.57342E+00    0.10808E-01    0.54714E-02    0.19925E-01
   598    0.56245E+00    0.10881E-01    0.54525E-02    0.20452E-01
   599    0.55148E+00    0.10955E-01    0.54336E-02    0.20980E-01
   600    0.54051E+00    0.11029E-01    0.54146E-02    0.21509E-01
